3707            
4               
12              
0               
1               
6               
17409           
0               
0               
0               
17413           
32              
2               
6               
0               
1               

// Volume Independent Parameters
1               
0               
0               
0               
0               
0               
0               
0               
0               
1               
20              
5               
500             
5000            
-96             
-80             
-50             
-30             
0               
-86             
-70             
-40             
-25             
-25             
1               
13              
32              
32              
32              
32              
32              
32              
32              
32              
32              
32              
32              
32              
32              
32              
32              
32              
32              
32              
32              
32              
32              
32              
32              
32              
32              
32              
32              
32              
32              
32              
32              
32              
32              
32              
32              
32              
32              
32              
32              
32              
32              
32              
32              
32              
34              
35              
34              
33              
33              
32              
31              
30              
28              
27              
26              
25              
24              
24              
24              
23              
23              
22              
21              
20              
20              
19              
18              
18              
18              
17              
17              
17              
16              
16              
16              
15              
15              
15              
15              
15              
15              
15              
15              
15              
15              
15              
15              
16              
16              
16              
16              
17              
17              
17              
17              
18              
18              
18              
19              
19              
19              
19              
20              
20              
20              
20              
21              
21              
21              
21              
21              
22              
22              
22              
23              
23              
23              
23              
24              
24              
24              
25              
25              
25              
26              
26              
26              
26              
26              
26              
26              
26              
26              
25              
25              
24              
24              
23              
23              
23              
22              
22              
21              
21              
20              
20              
19              
19              
19              
19              
18              
18              
18              
17              
17              
17              
17              
16              
16              
16              
16              
16              
15              
15              
15              
15              
14              
14              
14              
14              
14              
14              
14              
14              
13              
13              
13              
13              
13              
13              
13              
13              
13              
13              
13              
13              
13              
13              
13              
13              
13              
13              
12              
12              
12              
12              
12              
12              
12              
13              
13              
13              
13              
13              
13              
13              
13              
13              
13              
13              
13              
13              
13              
13              
13              
13              
13              
13              
13              
13              
12              
12              
12              
12              
11              
11              
11              
11              
10              
10              
10              
10              
9               
9               
9               
9               
8               
8               
8               
8               
8               
7               
7               
7               
7               
7               
7               
7               
6               
6               
6               
6               
6               
6               
6               
6               
6               
6               
6               
6               
6               
5               
5               
5               
5               
5               
5               
5               
5               
5               
5               
5               
5               
5               
5               
5               
5               
5               
5               
5               
5               
5               
5               
5               
5               
5               
5               
5               
5               
5               
5               
5               
5               
4               
4               
4               
4               
4               
4               
4               
4               
4               
4               
4               
4               
3               
3               
3               
3               
3               
3               
3               
3               
3               
2               
2               
2               
2               
2               
2               
2               
2               
2               
2               
2               
2               
2               
2               
2               
2               
2               
2               
2               
2               
2               
2               
2               
2               
2               
2               
2               
2               
2               
2               
2               
2               
2               
2               
2               
2               
2               
3               
3               
3               
3               
3               
3               
3               
3               
3               
4               
4               
4               
4               
4               
4               
5               
5               
5               
5               
5               
6               
6               
6               
6               
7               
7               
7               
7               
7               
8               
8               
8               
8               
8               
8               
8               
8               
8               
8               
8               
8               
8               
8               
8               
7               
7               
7               
7               
7               
7               
6               
6               
6               
6               
6               
6               
6               
6               
6               
5               
5               
5               
5               
5               
5               
5               
5               
5               
5               
5               
5               
5               
5               
5               
5               
5               
5               
5               
6               
6               
6               
6               
6               
6               
6               
6               
7               
7               
7               
7               
7               
8               
8               
8               
8               
8               
8               
9               
9               
9               
10              
10              
10              
10              
11              
11              
11              
12              
12              
12              
13              
13              
13              
13              
14              
14              
14              
14              
14              
14              
14              
14              
14              
14              
14              
13              
13              
13              
13              
13              
12              
12              
12              
12              
11              
11              
11              
11              
10              
10              
10              
10              
10              
9               
9               
9               
9               
9               
9               
9               
9               
9               
8               
8               
8               
8               
8               
8               
8               
8               
8               
8               
9               
9               
9               
11              
12              
13              
11              
9               
7               
7               
6               
6               
6               
7               
8               
9               
9               
8               
7               
6               
6               
6               
6               
7               
8               
8               
8               
7               
6               
5               
4               
3               
3               
3               
3               
3               
4               
4               
3               
3               
2               
2               
2               
2               
2               
3               
3               
4               
5               
4               
4               
4               
5               
8               
8               
8               
8               
8               
8               
8               
8               
8               
8               
8               
8               
6               
6               
32              
32              
32              
32              
32              
32              
32              
32              
32              
32              
32              
32              
32              
32              
32              
32              
32              
32              
32              
32              
32              
32              
32              
32              
32              
32              
32              
32              
32              
32              
32              
32              
32              
32              
32              
32              
32              
32              
32              
32              
32              
32              
32              
32              
31              
32              
33              
33              
34              
35              
35              
34              
32              
29              
28              
27              
27              
27              
26              
25              
24              
23              
22              
21              
21              
21              
20              
20              
19              
19              
18              
17              
17              
16              
16              
16              
16              
15              
15              
15              
15              
15              
14              
14              
14              
14              
14              
14              
14              
14              
14              
14              
14              
15              
15              
15              
15              
15              
15              
15              
16              
16              
16              
16              
17              
17              
17              
17              
17              
18              
18              
18              
19              
19              
19              
20              
20              
20              
21              
21              
22              
22              
22              
23              
23              
24              
24              
24              
25              
25              
25              
25              
25              
25              
25              
25              
24              
24              
24              
23              
23              
23              
22              
22              
22              
21              
21              
21              
20              
20              
20              
19              
19              
19              
19              
19              
18              
18              
18              
18              
18              
18              
18              
18              
18              
18              
18              
18              
18              
18              
18              
18              
18              
18              
18              
18              
18              
18              
19              
19              
19              
19              
20              
20              
20              
20              
20              
21              
21              
21              
22              
22              
22              
22              
22              
22              
22              
23              
23              
23              
23              
24              
24              
24              
24              
24              
24              
24              
24              
24              
24              
23              
23              
22              
21              
20              
20              
19              
18              
17              
17              
16              
15              
14              
14              
13              
12              
12              
11              
10              
10              
9               
9               
8               
8               
8               
7               
7               
7               
6               
6               
6               
6               
5               
5               
5               
5               
5               
5               
5               
4               
4               
4               
4               
4               
4               
4               
4               
4               
4               
4               
4               
4               
3               
3               
3               
3               
3               
3               
3               
3               
3               
3               
3               
3               
3               
3               
3               
3               
3               
3               
3               
3               
3               
3               
3               
3               
3               
3               
3               
3               
3               
3               
3               
3               
3               
3               
3               
3               
3               
3               
3               
3               
3               
3               
3               
3               
3               
3               
3               
3               
3               
3               
3               
3               
3               
3               
3               
3               
3               
3               
3               
3               
3               
3               
3               
3               
3               
3               
3               
3               
3               
3               
3               
4               
4               
4               
4               
4               
4               
4               
4               
4               
4               
4               
4               
4               
4               
4               
4               
4               
4               
5               
5               
5               
5               
5               
5               
5               
6               
6               
6               
6               
6               
7               
7               
7               
7               
8               
8               
8               
9               
9               
9               
10              
10              
10              
11              
11              
11              
12              
12              
12              
12              
12              
12              
13              
13              
13              
13              
13              
13              
13              
12              
12              
12              
12              
12              
12              
12              
12              
12              
12              
11              
11              
11              
11              
11              
11              
11              
11              
11              
11              
10              
10              
10              
10              
10              
10              
10              
10              
10              
10              
10              
10              
10              
10              
10              
10              
11              
11              
11              
11              
11              
11              
11              
11              
11              
12              
12              
12              
12              
12              
13              
13              
13              
14              
14              
14              
15              
15              
16              
16              
16              
17              
17              
18              
18              
19              
19              
20              
20              
21              
21              
22              
22              
23              
23              
24              
24              
25              
25              
25              
25              
25              
25              
25              
25              
25              
24              
24              
23              
23              
23              
22              
22              
21              
21              
21              
20              
20              
19              
19              
19              
18              
18              
18              
18              
17              
17              
17              
17              
17              
16              
16              
16              
16              
16              
16              
16              
16              
16              
16              
17              
19              
20              
22              
24              
23              
19              
15              
11              
10              
9               
8               
8               
9               
11              
11              
10              
8               
6               
4               
4               
3               
3               
3               
3               
3               
3               
3               
3               
2               
2               
2               
2               
3               
3               
4               
4               
5               
5               
4               
4               
4               
4               
4               
4               
5               
5               
6               
6               
6               
6               
6               
7               
11              
12              
12              
12              
12              
12              
12              
12              
12              
12              
12              
12              
8               
8               
32              
32              
32              
32              
32              
32              
32              
32              
32              
32              
32              
32              
32              
32              
32              
32              
32              
32              
32              
32              
32              
32              
32              
32              
32              
32              
32              
32              
32              
32              
32              
32              
32              
32              
32              
32              
32              
32              
32              
32              
32              
32              
32              
21              
22              
22              
22              
22              
21              
20              
19              
18              
17              
16              
15              
14              
14              
13              
13              
13              
12              
12              
11              
11              
10              
10              
9               
9               
9               
9               
8               
8               
8               
8               
7               
7               
7               
7               
7               
7               
7               
7               
7               
7               
7               
7               
7               
7               
7               
7               
7               
7               
7               
7               
7               
8               
8               
8               
8               
8               
8               
8               
8               
8               
8               
8               
9               
9               
9               
9               
9               
9               
9               
9               
9               
9               
9               
9               
10              
10              
10              
10              
10              
10              
10              
10              
10              
10              
10              
10              
10              
10              
10              
10              
10              
10              
10              
10              
10              
10              
9               
9               
9               
9               
9               
9               
9               
9               
9               
8               
8               
8               
8               
8               
8               
8               
8               
8               
8               
8               
8               
8               
8               
8               
8               
8               
8               
8               
8               
8               
8               
9               
9               
9               
9               
9               
9               
10              
10              
10              
10              
11              
11              
11              
11              
12              
12              
12              
12              
13              
13              
13              
14              
14              
14              
14              
15              
15              
15              
15              
16              
16              
16              
16              
17              
17              
17              
17              
17              
17              
17              
17              
17              
17              
17              
17              
17              
17              
16              
16              
16              
16              
15              
15              
15              
14              
14              
14              
13              
13              
13              
12              
12              
12              
11              
11              
11              
11              
11              
11              
10              
10              
10              
10              
10              
10              
10              
9               
9               
9               
9               
9               
9               
9               
9               
9               
9               
9               
10              
10              
10              
10              
10              
10              
10              
10              
10              
10              
11              
11              
11              
11              
11              
11              
11              
12              
12              
12              
12              
13              
13              
13              
13              
13              
14              
14              
14              
14              
15              
15              
15              
15              
15              
16              
16              
16              
16              
16              
16              
16              
16              
16              
16              
16              
16              
15              
15              
15              
14              
14              
13              
13              
13              
12              
12              
11              
11              
11              
10              
10              
10              
9               
9               
9               
9               
8               
8               
8               
8               
8               
7               
7               
7               
7               
7               
7               
7               
7               
6               
6               
6               
6               
6               
6               
6               
6               
6               
6               
6               
6               
6               
6               
6               
6               
6               
6               
6               
6               
6               
6               
6               
6               
7               
7               
7               
7               
7               
7               
7               
7               
8               
8               
8               
8               
8               
8               
8               
9               
9               
9               
9               
9               
9               
9               
9               
9               
9               
9               
9               
9               
9               
9               
9               
8               
8               
8               
8               
8               
8               
8               
8               
8               
8               
8               
7               
7               
7               
7               
7               
7               
7               
7               
7               
7               
7               
7               
7               
7               
7               
7               
7               
7               
6               
6               
6               
6               
6               
6               
6               
6               
6               
6               
6               
6               
6               
6               
6               
6               
6               
6               
6               
6               
6               
6               
6               
6               
6               
6               
7               
7               
7               
7               
7               
7               
7               
7               
8               
8               
8               
8               
8               
8               
8               
8               
8               
8               
9               
9               
9               
9               
9               
9               
8               
8               
8               
8               
8               
8               
8               
8               
8               
7               
7               
7               
7               
7               
7               
7               
7               
7               
6               
6               
6               
6               
6               
6               
6               
6               
6               
6               
6               
5               
5               
5               
5               
5               
5               
5               
5               
5               
5               
5               
5               
6               
6               
6               
7               
7               
7               
6               
5               
4               
3               
3               
3               
3               
3               
4               
4               
4               
3               
3               
2               
2               
2               
2               
2               
2               
3               
3               
2               
2               
1               
1               
1               
1               
1               
1               
1               
2               
2               
2               
1               
1               
1               
1               
1               
1               
1               
1               
1               
1               
1               
1               
1               
1               
2               
2               
2               
2               
2               
2               
2               
2               
2               
2               
2               
2               
2               
2               
32              
32              
32              
32              
32              
32              
32              
32              
32              
32              
32              
32              
32              
32              
32              
32              
32              
32              
32              
32              
32              
32              
32              
32              
32              
32              
32              
32              
32              
32              
32              
32              
32              
32              
32              
32              
32              
32              
32              
32              
32              
32              
32              
32              
32              
32              
32              
32              
32              
32              
32              
32              
32              
32              
32              
32              
32              
32              
32              
32              
32              
32              
32              
32              
32              
32              
32              
32              
32              
32              
32              
32              
32              
32              
32              
32              
32              
32              
32              
32              
32              
32              
32              
32              
32              
32              
32              
32              
32              
32              
32              
32              
32              
32              
32              
32              
32              
32              
32              
32              
32              
32              
32              
32              
32              
32              
32              
32              
32              
32              
32              
32              
32              
32              
32              
32              
32              
32              
32              
32              
32              
32              
32              
32              
32              
32              
32              
32              
32              
32              
32              
32              
32              
32              
32              
32              
32              
32              
32              
32              
32              
32              
32              
32              
32              
32              
32              
32              
32              
32              
32              
32              
32              
32              
32              
32              
32              
32              
32              
32              
32              
32              
32              
32              
32              
32              
32              
32              
32              
32              
32              
32              
32              
32              
32              
32              
32              
32              
32              
32              
32              
32              
32              
32              
32              
32              
32              
32              
32              
32              
32              
32              
32              
32              
32              
32              
32              
32              
32              
32              
32              
32              
32              
32              
32              
32              
32              
32              
32              
32              
32              
32              
32              
32              
32              
32              
32              
32              
32              
32              
32              
32              
32              
32              
32              
32              
32              
32              
32              
32              
32              
32              
32              
32              
32              
32              
32              
32              
32              
32              
32              
32              
32              
32              
32              
32              
32              
32              
32              
32              
32              
32              
32              
32              
32              
32              
32              
32              
32              
32              
32              
32              
32              
32              
32              
32              
32              
32              
32              
32              
32              
32              
32              
32              
32              
32              
32              
32              
32              
32              
32              
32              
32              
32              
32              
32              
32              
32              
32              
32              
32              
32              
32              
32              
32              
32              
32              
32              
32              
32              
32              
32              
32              
32              
32              
32              
32              
32              
32              
32              
32              
32              
32              
32              
32              
32              
32              
32              
32              
32              
32              
32              
32              
32              
32              
32              
32              
32              
32              
32              
32              
32              
32              
32              
32              
32              
32              
32              
32              
32              
32              
32              
32              
32              
32              
32              
32              
32              
32              
32              
32              
32              
32              
32              
32              
32              
32              
32              
32              
32              
32              
32              
32              
32              
32              
32              
32              
32              
32              
32              
32              
32              
32              
32              
32              
32              
32              
32              
32              
32              
32              
32              
32              
32              
32              
32              
32              
32              
32              
32              
32              
32              
32              
32              
32              
32              
32              
32              
32              
32              
32              
32              
32              
32              
32              
32              
32              
32              
32              
32              
32              
32              
32              
32              
32              
32              
32              
32              
32              
32              
32              
32              
32              
32              
32              
32              
32              
32              
32              
32              
32              
32              
32              
32              
32              
32              
32              
32              
32              
32              
32              
32              
32              
32              
32              
32              
32              
32              
32              
32              
32              
32              
32              
32              
32              
32              
32              
32              
32              
32              
32              
32              
32              
32              
32              
32              
32              
32              
32              
32              
32              
32              
32              
32              
32              
32              
32              
32              
32              
32              
32              
32              
32              
32              
32              
32              
32              
32              
32              
32              
32              
32              
32              
32              
32              
32              
32              
32              
32              
32              
32              
32              
32              
32              
32              
32              
32              
32              
32              
32              
32              
32              
32              
32              
32              
32              
32              
32              
32              
32              
32              
32              
32              
32              
32              
32              
32              
32              
32              
32              
32              
32              
32              
32              
32              
32              
32              
32              
32              
32              
32              
32              
32              
32              
32              
32              
32              
32              
32              
32              
32              
32              
32              
32              
32              
32              
32              
32              
32              
32              
32              
32              
32              
32              
32              
32              
32              
32              
32              
32              
32              
32              
32              
32              
32              
32              
32              
32              
32              
32              
0               
33              
32767           
30              
120             
20              
20              
-6              
-6              
-15             
-15             
0               
1               
100             
0               
-15             
32767           
6               
-18             
12              
-63             
-67             
-77             
-82             
-82             
-85             
-90             
-91             
-93             
-94             
-96             
-96             
-97             
-97             
-98             
-99             
-99             
-100            
-100            
-100            
-101            
-101            
-101            
-101            
-101            
-102            
-102            
-102            
-102            
-103            
-103            
-103            
-103            
-103            
-103            
-104            
-104            
-103            
-102            
-101            
-101            
-103            
-104            
-104            
-105            
-105            
-105            
-105            
-105            
-105            
-105            
-106            
-106            
-106            
-106            
-106            
-106            
-106            
-106            
-106            
-106            
-107            
-106            
-107            
-107            
-106            
-107            
-107            
-107            
-107            
-107            
-106            
-106            
-107            
-107            
-107            
-107            
-108            
-107            
-108            
-108            
-107            
-107            
-108            
-108            
-108            
-108            
-107            
-107            
-108            
-108            
-107            
-107            
-108            
-108            
-108            
-108            
-108            
-108            
-109            
-109            
-108            
-108            
-108            
-109            
-108            
-109            
-109            
-109            
-109            
-109            
-109            
-108            
-108            
-108            
-108            
-108            
-109            
-108            
-108            
-108            
-109            
-108            
-109            
-110            
-110            
-110            
-109            
-109            
-109            
-109            
-109            
-109            
-109            
-109            
-109            
-109            
-109            
-109            
-109            
-109            
-109            
-109            
-109            
-109            
-110            
-110            
-109            
-109            
-110            
-110            
-109            
-110            
-109            
-109            
-109            
-110            
-110            
-110            
-110            
-110            
-109            
-109            
-110            
-110            
-109            
-109            
-109            
-109            
-109            
-110            
-110            
-109            
-110            
-109            
-109            
-110            
-110            
-109            
-109            
-110            
-109            
-109            
-110            
-110            
-110            
-109            
-110            
-109            
-109            
-109            
-109            
-109            
-109            
-109            
-109            
-109            
-109            
-108            
-107            
-108            
-108            
-109            
-109            
-109            
-109            
-109            
-109            
-109            
-109            
-109            
-109            
-108            
-108            
-106            
-107            
-109            
-108            
-109            
-109            
-108            
-109            
-109            
-109            
-109            
-109            
-109            
-109            
-109            
-109            
-109            
-109            
-109            
-109            
-109            
-109            
-109            
-109            
-109            
-109            
-109            
-110            
-109            
-110            
-109            
-109            
-110            
-109            
-109            
-109            
-109            
-109            
-109            
-109            
-109            
-109            
-109            
-109            
-108            
-109            
-108            
-109            
-108            
-108            
-106            
-106            
-107            
-107            
-107            
-108            
-107            
-107            
-107            
-106            
-105            
-105            
-104            
-102            
-101            
-99             
-98             
-100            
-102            
-103            
-104            
-105            
-105            
-105            
-104            
-104            
-103            
-102            
-101            
-99             
-98             
-98             
-99             
-101            
-102            
-102            
-102            
-102            
-103            
-103            
-102            
-102            
-102            
-101            
-101            
-101            
-101            
-101            
-102            
-101            
-102            
-101            
-101            
-101            
-101            
-101            
-100            
-100            
-100            
-100            
-100            
-100            
-100            
-100            
-100            
-100            
-100            
-100            
-100            
-100            
-101            
-101            
-101            
-101            
-100            
-101            
-101            
-101            
-102            
-102            
-102            
-103            
-103            
-103            
-104            
-104            
-104            
-104            
-104            
-105            
-105            
-104            
-104            
-104            
-103            
-99             
-99             
-103            
-104            
-105            
-105            
-106            
-105            
-106            
-106            
-105            
-105            
-104            
-103            
-101            
-100            
-101            
-103            
-104            
-106            
-107            
-107            
-107            
-108            
-108            
-107            
-108            
-108            
-108            
-109            
-108            
-108            
-108            
-108            
-109            
-109            
-109            
-109            
-110            
-110            
-109            
-109            
-110            
-110            
-110            
-110            
-109            
-109            
-109            
-110            
-110            
-110            
-110            
-109            
-110            
-110            
-110            
-110            
-110            
-110            
-111            
-109            
-110            
-110            
-110            
-109            
-110            
-110            
-110            
-110            
-110            
-110            
-110            
-109            
-110            
-110            
-110            
-110            
-110            
-110            
-109            
-109            
-109            
-110            
-110            
-110            
-111            
-110            
-110            
-109            
-110            
-109            
-109            
-108            
-108            
-107            
-107            
-109            
-109            
-109            
-110            
-110            
-110            
-110            
-109            
-110            
-110            
-110            
-109            
-109            
-109            
-109            
-110            
-110            
-110            
-110            
-110            
-110            
-110            
-111            
-110            
-110            
-110            
-110            
-110            
-110            
-110            
-110            
-110            
-110            
-110            
-110            
-110            
-110            
-110            
-111            
-110            
-110            
-110            
-110            
-110            
-110            
-110            
-110            
-110            
-111            
-110            
-110            
-111            
-112            
-112            
-112            
-113            
-115            
-65             
-69             
-78             
-82             
-82             
-86             
-91             
-93             
-94             
-95             
-96             
-97             
-97             
-98             
-99             
-99             
-99             
-99             
-100            
-100            
-100            
-100            
-100            
-101            
-100            
-101            
-101            
-101            
-102            
-102            
-102            
-103            
-102            
-102            
-102            
-102            
-102            
-101            
-100            
-99             
-100            
-101            
-102            
-103            
-104            
-104            
-104            
-105            
-105            
-105            
-105            
-105            
-105            
-105            
-105            
-105            
-105            
-105            
-105            
-105            
-105            
-105            
-104            
-105            
-105            
-106            
-106            
-106            
-105            
-105            
-106            
-105            
-105            
-106            
-106            
-106            
-106            
-106            
-106            
-106            
-106            
-106            
-106            
-107            
-107            
-107            
-106            
-106            
-107            
-106            
-107            
-107            
-107            
-107            
-107            
-107            
-107            
-107            
-107            
-108            
-108            
-107            
-108            
-107            
-108            
-107            
-107            
-107            
-107            
-107            
-108            
-107            
-107            
-108            
-109            
-107            
-108            
-107            
-107            
-107            
-107            
-107            
-108            
-107            
-107            
-107            
-107            
-108            
-108            
-108            
-108            
-108            
-108            
-108            
-108            
-108            
-108            
-108            
-108            
-108            
-108            
-108            
-108            
-108            
-108            
-108            
-108            
-108            
-108            
-108            
-108            
-108            
-108            
-108            
-108            
-109            
-109            
-108            
-108            
-109            
-108            
-108            
-108            
-108            
-108            
-108            
-108            
-108            
-108            
-109            
-108            
-109            
-109            
-108            
-109            
-109            
-108            
-108            
-109            
-109            
-108            
-109            
-109            
-108            
-108            
-109            
-108            
-108            
-109            
-108            
-108            
-109            
-108            
-109            
-108            
-109            
-109            
-109            
-108            
-108            
-108            
-109            
-108            
-108            
-109            
-108            
-108            
-109            
-108            
-108            
-109            
-109            
-109            
-108            
-107            
-108            
-109            
-108            
-109            
-109            
-109            
-109            
-109            
-109            
-109            
-109            
-108            
-109            
-108            
-108            
-108            
-109            
-109            
-109            
-109            
-109            
-109            
-109            
-109            
-108            
-109            
-108            
-108            
-109            
-109            
-108            
-108            
-108            
-108            
-108            
-108            
-108            
-107            
-107            
-107            
-108            
-108            
-108            
-108            
-108            
-107            
-107            
-107            
-108            
-107            
-107            
-106            
-107            
-107            
-107            
-107            
-107            
-107            
-107            
-107            
-106            
-106            
-104            
-103            
-101            
-101            
-103            
-104            
-106            
-106            
-106            
-107            
-106            
-107            
-106            
-106            
-105            
-105            
-103            
-102            
-103            
-104            
-105            
-106            
-106            
-107            
-107            
-107            
-107            
-108            
-108            
-108            
-108            
-108            
-108            
-107            
-107            
-108            
-108            
-108            
-109            
-109            
-108            
-109            
-108            
-109            
-109            
-109            
-109            
-110            
-109            
-110            
-110            
-110            
-110            
-110            
-110            
-110            
-109            
-109            
-110            
-110            
-110            
-110            
-110            
-110            
-109            
-110            
-110            
-110            
-109            
-110            
-109            
-109            
-109            
-110            
-110            
-110            
-110            
-110            
-110            
-109            
-109            
-110            
-110            
-109            
-110            
-110            
-110            
-110            
-111            
-110            
-111            
-110            
-110            
-110            
-110            
-110            
-110            
-110            
-110            
-110            
-110            
-110            
-111            
-110            
-110            
-110            
-110            
-110            
-110            
-110            
-110            
-110            
-110            
-110            
-110            
-110            
-110            
-111            
-110            
-111            
-110            
-110            
-110            
-111            
-111            
-110            
-110            
-110            
-111            
-110            
-111            
-110            
-111            
-111            
-111            
-110            
-110            
-110            
-110            
-110            
-111            
-111            
-110            
-110            
-110            
-110            
-110            
-110            
-111            
-110            
-110            
-111            
-110            
-110            
-110            
-110            
-110            
-110            
-111            
-111            
-110            
-111            
-110            
-110            
-110            
-110            
-110            
-110            
-110            
-110            
-111            
-110            
-110            
-110            
-111            
-110            
-111            
-111            
-110            
-110            
-110            
-111            
-111            
-111            
-110            
-110            
-110            
-111            
-111            
-110            
-109            
-110            
-110            
-110            
-110            
-110            
-110            
-110            
-110            
-111            
-111            
-111            
-110            
-110            
-110            
-111            
-110            
-110            
-110            
-110            
-111            
-110            
-110            
-110            
-110            
-110            
-110            
-111            
-110            
-111            
-111            
-110            
-110            
-110            
-110            
-111            
-110            
-110            
-111            
-111            
-111            
-111            
-112            
-112            
-113            
-114            
1               
0               
10              
0               
-15             
1               
0               
-12             
2344            
4687            
0               
-15             
-3              
-20             
0               
9830            
1638            
655             
0               
-20             
0               
-20             
300             
300             
0               
0               
0               
0               
32767           
1               
0               
24576           
0               
-96             
28642           
0               
0               
-13             
27000           
27000           
27000           
27000           
16384           
-12             
-18             
96              
440             
6826            
6826            
6826            
6826            
6826            
0               
1               
20              
-3              
-6              
0               
1               
0               
-6              
-96             
1000            
1000            
0               
0               
0               
0               
300             
30              
50              
1               
1               
19000           
1               
50              
3               
0               
2526            
100             
0               
6000            
100             
0               
7897            
100             
0               
6908            
100             
0               
8900            
100             
0               
11710           
100             
0               
300             
200             
0               
1000            
100             
0               
20              
96              
0               
20              
96              
2               
0               
200             
100             
-16             
2000            
100             
-16             
1               
1               
20              
2               
1               
20              
0               
0               
500             
5000            
-96             
0               
0               
0               
0               
-96             
0               
0               
0               
0               
1               
0               
20              
2               
1               
20              
0               
0               
10000           
10000           
-96             
0               
0               
0               
0               
-96             
0               
0               
0               
0               
1               
0               
20              
2               
1               
20              
0               
0               
10000           
10000           
-96             
0               
0               
0               
0               
-96             
0               
0               
0               
0               
1               
0               
20              
2               
1               
20              
0               
0               
10000           
10000           
-96             
0               
0               
0               
0               
-96             
0               
0               
0               
0               
1               
0               
20              
2               
1               
20              
0               
0               
10000           
10000           
-96             
0               
0               
0               
0               
-96             
0               
0               
0               
0               
1               
0               
1               
20              
5               
0               
20              
0               
0               
500             
10000           
-96             
-80             
-45             
-9              
0               
-96             
-80             
-45             
-9              
-9              
0               
0               
1               
-1              
7               
0               
0               
90              
75              
100             
10              
10              
0               
0               
-20             
-20             
-96             
-96             
-6              
3               
70              
30              
500             
0               
0               
0               
0               
62              
28              
44              
0               
162             
0               
131             
0               
4               
4               
11              
0               
0               
1               
2               
1               
0               
0               
0               
0               
0               
-30             
0               
100             
96              
86              
6826            
6826            
6826            
6826            
6826            
6826            
6826            
6826            
6826            
6826            

// Volume 0
