0.681
0.32
0.267
0.687
0.148
0.058
0.3026
0.3127
0.4545454545
0.676
0.319
0.273
0.680
0.153
0.066
0.3026
0.3127
0.4545454545
0
0
0
0
0
0
0.4504504504
0
-0.1
-0.2
-0.2
1
-0.016903
-0.00444
-0.007003
-0.01504
-0.001558
-0.006965
-0.000358
-0.005665
0.001169
-0.004001
0.000769
-0.004501
0.000289
-0.00267
0.000389
-0.00177
0.000519
-0.00108
0.000119
-0.00138
-0.000222
-0.0004
-0.000122
0
0.000114
-0.000211
0
0.000389
-0.000538
-0.000231
-0.000838
0.000469