0.68
0.32
0.263
0.694
0.148
0.058
0.3026
0.3127
0.4545454545
0.685
0.319
0.265
0.69
0.149
0.057
0.3026
0.3127
0.4545454545
0
0
0
0
0
0
0.4504504504
0
-0.1
-0.2
-0.2
1
-0.001003
-0.00384
-0.003303
0.00256
0.001142
0.010635
0.000842
0.012735
0.003469
0.010899
0.008769
0.012999
0.002989
0.00853
-0.001611
0.00433
-0.001581
0.00412
-0.000181
0.00492
0.000578
0.0017
0.000978
0.0002
0.001014
-0.000711
0.000714
0.001889
0.000162
-0.000531
0.000262
-0.000331