0.681
0.32
0.267
0.687
0.148
0.058
0.3026
0.3127
0.4545454545
0.676
0.319
0.273
0.680
0.153
0.066
0.3026
0.3127
0.4545454545
0
0
0
0
0
0
0.4504504504
0
-0.1
-0.2
-0.2
1
-0.010503
0.00176
-0.007803
-0.00124
0.001242
0.000735
-0.001958
-0.003365
0
0.003299
0.000869
-0.007801
0.000589
-0.00767
0.000289
-0.00327
0.000119
-0.00388
0.000119
-0.00178
-0.000222
-0.001
0
-0.0002
0
-0.000411
0.000214
0.000189
-0.000438
-0.000731
-0.000538
-0.000631