0.68
0.32
0.263
0.694
0.148
0.058
0.3026
0.3127
0.4545454545
0.685
0.319
0.265
0.69
0.149
0.057
0.3026
0.3127
0.4545454545
0
0
0
0
0
0
0.4504504504
0
-0.1
-0.2
-0.2
1
-0.026303
0.01956
-0.007903
0.00536
0.001242
0.011535
0.002242
0.008435
-0.001531
0.005299
-0.003831
0.004099
-0.003011
0.00423
0.000989
-0.00467
0.000919
-0.00668
0.000219
-0.00068
-0.000322
-0.0012
-0.000422
0
-0.000586
-0.001111
-0.000586
-0.000111
-0.000738
-0.000731
-0.000738
-0.000631