0.68
0.32
0.263
0.694
0.148
0.058
0.3026
0.3127
0.4545454545
0.685
0.319
0.265
0.69
0.149
0.057
0.3026
0.3127
0.4545454545
0
0
0
0
0
0
0.4504504504
0
-0.1
-0.2
-0.2
1
-0.037103
0.01866
-0.007103
0.00586
0.003442
0.009535
0.001042
0.009135
0.002869
0.008099
-0.003631
0.006099
-0.005511
0.01123
-0.000611
0.00193
0
-0.00598
0.000519
-0.00538
0
-0.0051
-0.000222
-0.0025
-0.000586
-0.003611
-0.000486
-0.002411
-0.000638
-0.002431
-0.000638
-0.002231