0.68
0.32
0.263
0.694
0.148
0.058
0.3026
0.3127
0.4545454545
0.685
0.319
0.265
0.69
0.149
0.057
0.3026
0.3127
0.4545454545
0
0
0
0
0
0
0.4504504504
0
-0.1
-0.2
-0.2
1
-0.046103
0.00656
-0.007603
0.00926
0.005342
0.015535
-0.002458
0.014935
0.004269
0.014499
-0.004031
0.010799
-0.008211
0.00603
-0.007611
0.00493
-0.004281
-0.00468
-0.000981
-0.01418
0
-0.0143
0
-0.0101
-0.000286
-0.008511
-0.000486
-0.005511
-0.000638
-0.006831
-0.000738
-0.005931