0.681
0.32
0.267
0.687
0.148
0.058
0.3026
0.3127
0.4545454545
0.676
0.319
0.273
0.680
0.153
0.066
0.3026
0.3127
0.4545454545
0
0
0
0
0
0
0.4504504504
0
-0.1
-0.2
-0.2
1
-0.011203
-0.01004
-0.011903
-0.00514
-0.007158
-0.010765
-0.005458
-0.009765
-0.000231
-0.015001
0
-0.016901
0.000389
-0.01217
0.000289
-0.00677
0.000219
-0.00518
0.000219
-0.00358
0
-0.0022
-0.000322
-0.0013
-0.000186
-0.001411
0
-0.000711
-0.000338
-0.001131
-0.000338
-0.000731