3707            
4               
12              
0               
1               
10              
17409           
0               
0               
0               
17413           
32              
2               
6               
0               
1               

// Volume Independent Parameters
1               
0               
0               
0               
0               
0               
0               
0               
0               
1               
20              
5               
50              
5000            
-96             
-80             
-50             
-26             
0               
-96             
-80             
-50             
-26             
-20             
1               
7               
32              
32              
32              
32              
32              
32              
32              
32              
32              
32              
32              
32              
32              
32              
32              
32              
32              
32              
32              
32              
32              
32              
32              
32              
32              
32              
32              
32              
32              
32              
32              
32              
32              
32              
32              
32              
32              
32              
32              
32              
32              
32              
32              
32              
32              
32              
32              
32              
32              
32              
32              
32              
32              
32              
32              
32              
32              
32              
32              
32              
32              
32              
32              
32              
32              
32              
32              
32              
32              
32              
32              
32              
32              
32              
32              
32              
32              
32              
32              
32              
32              
32              
32              
32              
32              
32              
32              
32              
32              
32              
32              
32              
32              
32              
32              
32              
32              
32              
32              
32              
32              
32              
32              
32              
32              
32              
32              
32              
32              
32              
32              
32              
32              
32              
32              
32              
32              
32              
32              
32              
32              
32              
32              
32              
32              
32              
32              
32              
32              
32              
32              
32              
32              
32              
32              
32              
32              
32              
32              
32              
32              
32              
32              
32              
32              
32              
32              
32              
32              
32              
32              
32              
32              
32              
32              
32              
32              
32              
32              
32              
32              
32              
32              
32              
32              
32              
32              
32              
32              
32              
32              
32              
32              
32              
32              
32              
32              
32              
32              
32              
32              
32              
32              
32              
32              
32              
32              
32              
32              
32              
32              
32              
32              
32              
32              
32              
32              
32              
32              
32              
32              
32              
32              
32              
32              
32              
32              
32              
32              
32              
32              
32              
32              
32              
32              
32              
32              
32              
32              
32              
32              
32              
32              
32              
32              
32              
32              
32              
32              
32              
32              
32              
32              
32              
32              
32              
32              
32              
32              
32              
32              
32              
32              
32              
32              
32              
32              
32              
32              
32              
32              
32              
32              
32              
32              
32              
32              
32              
32              
32              
32              
32              
32              
32              
32              
32              
32              
32              
32              
32              
32              
32              
32              
32              
32              
32              
32              
32              
32              
32              
32              
32              
32              
32              
32              
32              
32              
32              
32              
32              
32              
32              
32              
32              
32              
32              
32              
32              
32              
32              
32              
32              
32              
32              
32              
32              
32              
32              
32              
32              
32              
32              
32              
32              
32              
32              
32              
32              
32              
32              
32              
32              
32              
32              
32              
32              
32              
32              
32              
32              
32              
32              
32              
32              
32              
32              
32              
32              
32              
32              
32              
32              
32              
32              
32              
32              
32              
32              
32              
32              
32              
32              
32              
32              
32              
32              
32              
32              
32              
32              
32              
32              
32              
32              
32              
32              
32              
32              
32              
32              
32              
32              
32              
32              
32              
32              
32              
32              
32              
32              
32              
32              
32              
32              
32              
32              
32              
32              
32              
32              
32              
32              
32              
32              
32              
32              
32              
32              
32              
32              
32              
32              
32              
32              
32              
32              
32              
32              
32              
32              
32              
32              
32              
32              
32              
32              
32              
32              
32              
32              
32              
32              
32              
32              
32              
32              
32              
32              
32              
32              
32              
32              
32              
32              
32              
32              
32              
32              
32              
32              
32              
32              
32              
32              
32              
32              
32              
32              
32              
32              
32              
32              
32              
32              
32              
32              
32              
32              
32              
32              
32              
32              
32              
32              
32              
32              
32              
32              
32              
32              
32              
32              
32              
32              
32              
32              
32              
32              
32              
32              
32              
32              
32              
32              
32              
32              
32              
32              
32              
32              
32              
32              
32              
32              
32              
32              
32              
32              
32              
32              
32              
32              
32              
32              
32              
32              
32              
32              
32              
32              
32              
32              
32              
32              
32              
32              
32              
32              
32              
32              
32              
32              
32              
32              
32              
32              
32              
32              
32              
32              
32              
32              
32              
32              
32              
32              
32              
32              
32              
32              
32              
32              
32              
32              
32              
32              
32              
32              
32              
32              
32              
32              
32              
32              
32              
32              
32              
32              
32              
32              
32              
32              
32              
32              
32              
32              
32              
32              
32              
32              
32              
32              
32              
32              
32              
32              
32              
32              
32              
32              
32              
32              
32              
32              
32              
32              
32              
32              
32              
32              
32              
32              
32              
32              
32              
32              
32              
32              
32              
32              
32              
32              
32              
32              
32              
32              
32              
32              
32              
32              
32              
32              
32              
32              
32              
32              
32              
32              
32              
32              
32              
32              
32              
32              
32              
32              
32              
32              
32              
32              
32              
32              
32              
32              
32              
32              
32              
32              
32              
32              
32              
32              
32              
32              
32              
32              
32              
32              
32              
32              
32              
32              
32              
32              
32              
32              
32              
32              
32              
32              
32              
32              
32              
32              
32              
32              
32              
32              
32              
32              
32              
32              
32              
32              
32              
32              
32              
32              
32              
32              
32              
32              
32              
32              
32              
32              
32              
32              
32              
32              
32              
32              
32              
32              
32              
32              
32              
32              
32              
32              
32              
32              
32              
32              
32              
32              
32              
32              
32              
32              
32              
32              
32              
32              
32              
32              
32              
32              
32              
32              
32              
32              
32              
32              
32              
32              
32              
32              
32              
32              
32              
32              
32              
32              
32              
32              
32              
32              
32              
32              
32              
32              
32              
32              
32              
32              
32              
32              
32              
32              
32              
32              
32              
32              
32              
32              
32              
32              
32              
32              
32              
32              
32              
32              
32              
32              
32              
32              
32              
32              
32              
32              
32              
32              
32              
32              
32              
32              
32              
32              
32              
32              
32              
32              
32              
32              
32              
32              
32              
32              
32              
32              
32              
32              
32              
32              
32              
32              
32              
32              
32              
32              
32              
32              
32              
32              
32              
32              
32              
32              
32              
32              
32              
32              
32              
32              
32              
32              
32              
32              
32              
32              
32              
32              
32              
32              
32              
32              
32              
32              
32              
32              
32              
32              
32              
32              
32              
32              
32              
32              
32              
32              
32              
32              
32              
32              
32              
32              
32              
32              
32              
32              
32              
32              
32              
32              
32              
32              
32              
32              
32              
32              
32              
32              
32              
32              
32              
32              
32              
32              
32              
32              
32              
32              
32              
32              
32              
32              
32              
32              
32              
32              
32              
32              
32              
32              
32              
32              
32              
32              
32              
32              
32              
32              
32              
32              
32              
32              
32              
32              
32              
32              
32              
32              
32              
32              
32              
32              
32              
32              
32              
32              
32              
32              
32              
32              
32              
32              
32              
32              
32              
32              
32              
32              
32              
32              
32              
32              
32              
32              
32              
32              
32              
32              
32              
32              
32              
32              
32              
32              
32              
32              
32              
32              
32              
32              
32              
32              
32              
32              
32              
32              
32              
32              
32              
32              
32              
32              
32              
32              
32              
32              
32              
32              
32              
32              
32              
32              
32              
32              
32              
32              
32              
32              
32              
32              
32              
32              
32              
32              
32              
32              
32              
32              
32              
32              
32              
32              
32              
32              
32              
32              
32              
32              
32              
32              
32              
32              
32              
32              
32              
32              
32              
32              
32              
32              
32              
32              
32              
32              
32              
32              
32              
32              
32              
32              
32              
32              
32              
32              
32              
32              
32              
32              
32              
32              
32              
32              
32              
32              
32              
32              
32              
32              
32              
32              
32              
32              
32              
32              
32              
32              
32              
32              
32              
32              
32              
32              
32              
32              
32              
32              
32              
32              
32              
32              
32              
32              
32              
32              
32              
32              
32              
32              
32              
32              
32              
32              
32              
32              
32              
32              
32              
32              
32              
32              
32              
32              
32              
32              
32              
32              
32              
32              
32              
32              
32              
32              
32              
32              
32              
32              
32              
32              
32              
32              
32              
32              
32              
32              
32              
32              
32              
32              
32              
32              
32              
32              
32              
32              
32              
32              
32              
32              
32              
32              
32              
32              
32              
32              
32              
32              
32              
32              
32              
32              
32              
32              
32              
32              
32              
32              
32              
32              
32              
32              
32              
32              
32              
32              
32              
32              
32              
32              
32              
32              
32              
32              
32              
32              
32              
32              
32              
32              
32              
32              
32              
32              
32              
32              
32              
32              
32              
32              
32              
32              
32              
32              
32              
32              
32              
32              
32              
32              
32              
32              
32              
32              
32              
32              
32              
32              
32              
32              
32              
32              
32              
32              
32              
32              
32              
32              
32              
32              
32              
32              
32              
32              
32              
32              
32              
32              
32              
32              
32              
32              
32              
32              
32              
32              
32              
32              
32              
32              
32              
32              
32              
32              
32              
32              
32              
32              
32              
32              
32              
32              
32              
32              
32              
32              
32              
32              
32              
32              
32              
32              
32              
32              
32              
32              
32              
32              
32              
32              
32              
32              
32              
32              
32              
32              
32              
32              
32              
32              
32              
32              
32              
32              
32              
32              
32              
32              
32              
32              
32              
32              
32              
32              
32              
32              
32              
32              
32              
32              
32              
32              
32              
32              
32              
32              
32              
32              
32              
32              
32              
32              
32              
32              
32              
32              
32              
32              
32              
32              
32              
32              
32              
32              
32              
32              
32              
32              
32              
32              
32              
32              
32              
32              
32              
32              
32              
32              
32              
32              
32              
32              
32              
32              
32              
32              
32              
32              
32              
32              
32              
32              
32              
32              
32              
32              
32              
32              
32              
32              
32              
32              
32              
32              
32              
32              
32              
32              
32              
32              
32              
32              
32              
32              
32              
32              
32              
32              
32              
32              
32              
32              
32              
32              
32              
32              
32              
32              
32              
32              
32              
32              
32              
32              
32              
32              
32              
32              
32              
32              
32              
32              
32              
32              
32              
32              
32              
32              
32              
32              
32              
32              
32              
32              
32              
32              
32              
32              
32              
32              
32              
32              
32              
32              
32              
32              
32              
32              
32              
32              
32              
32              
32              
32              
32              
32              
32              
32              
32              
32              
32              
32              
32              
32              
32              
32              
32              
32              
32              
32              
32              
32              
32              
32              
32              
32              
32              
32              
32              
32              
32              
32              
32              
32              
32              
32              
32              
32              
32              
32              
32              
32              
32              
32              
32              
32              
32              
32              
32              
32              
32              
32              
32              
32              
32              
32              
32              
32              
32              
32              
32              
32              
32              
32              
32              
32              
32              
32              
32              
32              
32              
32              
32              
32              
32              
32              
32              
32              
32              
32              
32              
32              
32              
32              
32              
32              
32              
32              
32              
32              
32              
32              
32              
32              
32              
32              
32              
32              
32              
32              
32              
32              
32              
32              
32              
32              
32              
32              
32              
32              
32              
32              
32              
32              
32              
32              
32              
32              
32              
32              
32              
32              
32              
32              
32              
32              
32              
32              
32              
32              
32              
32              
32              
32              
32              
32              
32              
32              
32              
32              
32              
32              
32              
32              
32              
32              
32              
32              
32              
32              
32              
32              
32              
32              
32              
32              
32              
32              
32              
32              
32              
32              
32              
32              
32              
32              
32              
32              
32              
32              
32              
32              
32              
32              
32              
32              
32              
32              
32              
32              
32              
32              
32              
32              
32              
32              
32              
32              
32              
32              
32              
32              
32              
32              
32              
32              
32              
32              
32              
32              
32              
32              
32              
32              
32              
32              
32              
32              
32              
32              
32              
32              
32              
32              
32              
32              
32              
32              
32              
32              
32              
32              
32              
32              
32              
32              
32              
32              
32              
32              
32              
32              
32              
32              
32              
32              
32              
32              
32              
32              
32              
32              
32              
32              
32              
32              
32              
32              
32              
32              
32              
32              
32              
32              
32              
32              
32              
32              
32              
32              
32              
32              
32              
32              
32              
32              
32              
32              
32              
32              
32              
32              
32              
32              
32              
32              
32              
32              
32              
32              
32              
32              
32              
32              
32              
32              
32              
32              
32              
32              
32              
32              
32              
32              
32              
32              
32              
32              
32              
32              
32              
32              
32              
32              
32              
32              
32              
32              
32              
32              
32              
32              
32              
32              
32              
32              
32              
32              
32              
32              
32              
32              
32              
32              
32              
32              
32              
32              
32              
32              
32              
32              
32              
32              
32              
32              
32              
32              
32              
32              
32              
32              
32              
32              
32              
32              
32              
32              
32              
32              
32              
32              
32              
32              
32              
32              
32              
32              
32              
32              
32              
32              
32              
32              
32              
32              
32              
32              
32              
32              
32              
32              
32              
32              
32              
32              
32              
32              
32              
32              
32              
32              
32              
32              
32              
32              
32              
32              
32              
32              
32              
32              
32              
32              
32              
32              
32              
32              
32              
32              
32              
32              
32              
32              
32              
32              
32              
32              
32              
32              
32              
32              
32              
32              
32              
32              
32              
32              
32              
32              
32              
32              
32              
32              
32              
32              
32              
32              
32              
32              
32              
32              
32              
32              
32              
32              
32              
32              
32              
32              
32              
32              
32              
32              
32              
32              
32              
32              
32              
32              
32              
32              
32              
32              
32              
32              
32              
32              
32              
32              
32              
32              
32              
32              
32              
32              
32              
32              
32              
32              
32              
32              
32              
32              
32              
32              
32              
32              
32              
32              
32              
32              
32              
32              
32              
32              
32              
32              
32              
32              
32              
32              
32              
32              
32              
32              
32              
32              
32              
32              
32              
32              
32              
32              
32              
32              
32              
32              
32              
32              
32              
32              
32              
32              
32              
32              
32              
32              
32              
32              
32              
32              
32              
32              
32              
32              
32              
32              
32              
32              
32              
32              
32              
32              
32              
32              
32              
32              
32              
32              
32              
32              
32              
32              
32              
32              
32              
32              
32              
32              
32              
32              
32              
32              
32              
32              
32              
32              
32              
32              
32              
32              
32              
32              
32              
32              
32              
32              
32              
32              
32              
32              
32              
32              
32              
32              
32              
32              
32              
32              
32              
32              
32              
32              
32              
32              
32              
32              
32              
32              
32              
32              
32              
32              
32              
32              
32              
32              
32              
32              
32              
32              
32              
32              
32              
32              
32              
32              
32              
32              
32              
32              
32              
32              
32              
32              
32              
32              
32              
32              
32              
32              
32              
32              
32              
32              
32              
32              
32              
32              
32              
32              
32              
32              
32              
32              
32              
32              
32              
32              
32              
32              
32              
32              
32              
32              
32              
32              
32              
32              
32              
32              
32              
32              
32              
32              
32              
32              
32              
32              
32              
32              
32              
32              
32              
32              
32              
32              
32              
32              
32              
32              
32              
32              
32              
32              
32              
32              
32              
32              
32              
32              
32              
32              
32              
32              
32              
32              
32              
32              
32              
32              
32              
32              
32              
32              
32              
32              
32              
32              
32              
32              
32              
32              
32              
32              
32              
32              
32              
32              
32              
32              
32              
32              
32              
32              
32              
32              
32              
32              
32              
32              
32              
32              
32              
32              
32              
32              
32              
32              
32              
32              
32              
32              
32              
32              
32              
32              
32              
32              
32              
32              
32              
32              
32              
32              
32              
32              
32              
32              
32              
32              
32              
32              
32              
32              
32              
32              
32              
32              
32              
32              
32              
32              
32              
32              
32              
32              
32              
32              
32              
32              
32              
32              
32              
32              
32              
32              
32              
32              
32              
32              
32              
32              
32              
32              
32              
32              
32              
32              
32              
32              
32              
32              
32              
32              
32              
32              
32              
32              
32              
32              
32              
32              
32              
32              
32              
32              
32              
32              
32              
32              
32              
32              
32              
32              
32              
32              
32              
32              
32              
32              
32              
32              
32              
32              
32              
32              
32              
32              
32              
32              
32              
32              
32              
32              
32              
32              
32              
32              
32              
32              
32              
32              
32              
32              
32              
32              
32              
32              
32              
32              
32              
32              
32              
32              
32              
32              
32              
32              
32              
32              
32              
32              
32              
32              
32              
32              
32              
32              
32              
32              
32              
32              
32              
32              
32              
32              
32              
32              
32              
32              
32              
32              
32              
32              
32              
32              
32              
32              
32              
32              
32              
32              
32              
32              
32              
32              
32              
32              
32              
32              
32              
32              
32              
32              
32              
32              
32              
32              
32              
32              
32              
32              
32              
32              
0               
33              
32767           
30              
100             
50              
50              
-6              
-6              
-12             
-12             
0               
1               
200             
-6              
-6              
32767           
6               
-18             
12              
-74             
-70             
-78             
-82             
-81             
-85             
-88             
-92             
-93             
-94             
-95             
-98             
-99             
-99             
-100            
-101            
-101            
-101            
-101            
-101            
-101            
-102            
-102            
-102            
-103            
-103            
-103            
-103            
-103            
-103            
-104            
-104            
-104            
-104            
-105            
-105            
-105            
-104            
-104            
-105            
-105            
-105            
-106            
-106            
-106            
-106            
-106            
-106            
-106            
-106            
-107            
-107            
-107            
-107            
-107            
-106            
-107            
-107            
-107            
-107            
-107            
-107            
-107            
-107            
-107            
-107            
-107            
-107            
-107            
-108            
-108            
-107            
-108            
-108            
-108            
-107            
-108            
-108            
-108            
-108            
-108            
-107            
-108            
-108            
-108            
-108            
-108            
-108            
-108            
-108            
-108            
-108            
-108            
-108            
-108            
-109            
-109            
-108            
-108            
-108            
-109            
-109            
-109            
-109            
-109            
-109            
-108            
-108            
-108            
-109            
-109            
-108            
-108            
-109            
-109            
-109            
-109            
-109            
-109            
-108            
-108            
-109            
-109            
-109            
-109            
-109            
-109            
-109            
-109            
-109            
-109            
-109            
-109            
-109            
-109            
-109            
-109            
-109            
-109            
-108            
-109            
-109            
-109            
-109            
-108            
-108            
-109            
-109            
-109            
-109            
-109            
-109            
-109            
-109            
-109            
-109            
-109            
-109            
-108            
-108            
-108            
-109            
-109            
-109            
-109            
-109            
-109            
-109            
-109            
-109            
-109            
-109            
-109            
-109            
-109            
-109            
-109            
-109            
-109            
-109            
-109            
-109            
-109            
-109            
-108            
-108            
-109            
-109            
-109            
-108            
-109            
-108            
-109            
-109            
-109            
-109            
-109            
-109            
-109            
-108            
-109            
-109            
-108            
-109            
-109            
-109            
-109            
-109            
-108            
-108            
-109            
-109            
-109            
-108            
-108            
-109            
-109            
-109            
-109            
-109            
-109            
-109            
-109            
-108            
-108            
-108            
-109            
-109            
-109            
-108            
-108            
-108            
-108            
-109            
-108            
-108            
-108            
-109            
-109            
-109            
-108            
-108            
-108            
-108            
-108            
-108            
-108            
-109            
-108            
-109            
-109            
-109            
-108            
-108            
-108            
-108            
-108            
-108            
-108            
-108            
-109            
-109            
-108            
-108            
-108            
-108            
-108            
-108            
-108            
-108            
-107            
-108            
-108            
-107            
-108            
-108            
-108            
-108            
-108            
-108            
-108            
-107            
-107            
-108            
-108            
-108            
-108            
-107            
-108            
-108            
-107            
-107            
-108            
-107            
-107            
-107            
-107            
-107            
-107            
-107            
-107            
-108            
-107            
-107            
-107            
-107            
-107            
-107            
-106            
-107            
-107            
-107            
-107            
-107            
-106            
-106            
-107            
-107            
-107            
-106            
-106            
-106            
-106            
-105            
-106            
-106            
-106            
-106            
-106            
-106            
-106            
-105            
-106            
-106            
-106            
-106            
-106            
-105            
-104            
-105            
-105            
-105            
-105            
-105            
-106            
-105            
-104            
-105            
-105            
-105            
-104            
-104            
-104            
-104            
-104            
-104            
-104            
-104            
-104            
-104            
-104            
-103            
-103            
-103            
-103            
-102            
-103            
-102            
-102            
-102            
-102            
-102            
-102            
-102            
-101            
-101            
-101            
-101            
-101            
-101            
-101            
-100            
-100            
-101            
-101            
-100            
-100            
-100            
-100            
-99             
-99             
-100            
-99             
-99             
-99             
-100            
-100            
-99             
-99             
-100            
-99             
-100            
-100            
-100            
-99             
-100            
-100            
-100            
-100            
-100            
-101            
-101            
-101            
-101            
-101            
-101            
-100            
-101            
-102            
-102            
-102            
-102            
-102            
-103            
-102            
-103            
-103            
-103            
-102            
-103            
-103            
-103            
-103            
-103            
-103            
-104            
-104            
-104            
-104            
-105            
-105            
-104            
-105            
-104            
-105            
-105            
-104            
-105            
-105            
-105            
-105            
-105            
-106            
-106            
-106            
-105            
-106            
-106            
-106            
-106            
-106            
-106            
-106            
-106            
-106            
-107            
-107            
-107            
-106            
-106            
-106            
-107            
-107            
-106            
-107            
-106            
-106            
-107            
-107            
-107            
-107            
-107            
-107            
-107            
-107            
-107            
-106            
-107            
-107            
-107            
-107            
-107            
-108            
-107            
-108            
-108            
-108            
-108            
-107            
-107            
-108            
-108            
-108            
-108            
-108            
-108            
-108            
-108            
-109            
-109            
-110            
-111            
-112            
-74             
-71             
-79             
-82             
-83             
-87             
-87             
-91             
-93             
-93             
-94             
-99             
-99             
-100            
-100            
-101            
-101            
-101            
-100            
-100            
-101            
-102            
-102            
-103            
-103            
-103            
-103            
-103            
-103            
-103            
-103            
-104            
-104            
-104            
-104            
-104            
-104            
-104            
-105            
-105            
-105            
-105            
-105            
-105            
-105            
-106            
-105            
-105            
-106            
-106            
-106            
-106            
-106            
-106            
-106            
-107            
-106            
-106            
-107            
-107            
-107            
-107            
-107            
-107            
-107            
-107            
-107            
-107            
-107            
-107            
-107            
-107            
-107            
-108            
-107            
-107            
-108            
-108            
-108            
-107            
-108            
-108            
-108            
-108            
-107            
-108            
-107            
-107            
-108            
-108            
-108            
-108            
-108            
-108            
-108            
-108            
-108            
-108            
-107            
-107            
-108            
-108            
-108            
-108            
-108            
-108            
-108            
-109            
-108            
-108            
-108            
-108            
-109            
-108            
-108            
-109            
-109            
-109            
-109            
-108            
-108            
-108            
-108            
-109            
-108            
-108            
-108            
-108            
-108            
-108            
-108            
-109            
-109            
-108            
-108            
-108            
-108            
-109            
-108            
-109            
-108            
-108            
-109            
-109            
-108            
-108            
-108            
-108            
-108            
-108            
-108            
-108            
-108            
-108            
-108            
-108            
-108            
-108            
-109            
-109            
-108            
-108            
-108            
-108            
-108            
-108            
-108            
-108            
-108            
-108            
-108            
-108            
-108            
-108            
-107            
-107            
-108            
-108            
-108            
-108            
-108            
-108            
-108            
-108            
-108            
-108            
-108            
-108            
-108            
-108            
-108            
-108            
-109            
-108            
-108            
-109            
-109            
-109            
-109            
-108            
-108            
-108            
-108            
-108            
-108            
-109            
-108            
-108            
-108            
-109            
-109            
-108            
-108            
-108            
-108            
-108            
-108            
-108            
-108            
-108            
-108            
-108            
-108            
-108            
-107            
-108            
-108            
-108            
-108            
-108            
-107            
-107            
-108            
-108            
-108            
-107            
-108            
-108            
-108            
-108            
-107            
-107            
-107            
-108            
-108            
-107            
-107            
-108            
-107            
-107            
-108            
-108            
-108            
-107            
-107            
-107            
-107            
-107            
-107            
-107            
-107            
-107            
-107            
-107            
-106            
-107            
-107            
-107            
-107            
-107            
-107            
-107            
-107            
-107            
-107            
-107            
-106            
-106            
-106            
-107            
-107            
-106            
-106            
-106            
-106            
-106            
-106            
-106            
-107            
-107            
-106            
-105            
-106            
-106            
-106            
-105            
-106            
-106            
-105            
-105            
-105            
-105            
-105            
-105            
-106            
-105            
-105            
-105            
-105            
-105            
-105            
-104            
-104            
-104            
-104            
-104            
-104            
-104            
-104            
-104            
-104            
-103            
-103            
-103            
-104            
-104            
-103            
-103            
-103            
-103            
-103            
-103            
-103            
-103            
-103            
-102            
-102            
-102            
-102            
-102            
-103            
-102            
-102            
-102            
-102            
-102            
-101            
-101            
-101            
-101            
-101            
-101            
-100            
-100            
-100            
-100            
-100            
-99             
-99             
-99             
-98             
-98             
-99             
-98             
-98             
-98             
-97             
-97             
-97             
-97             
-97             
-96             
-97             
-97             
-97             
-96             
-96             
-96             
-96             
-97             
-97             
-98             
-98             
-97             
-97             
-98             
-97             
-98             
-98             
-97             
-98             
-98             
-98             
-98             
-99             
-100            
-99             
-99             
-100            
-100            
-100            
-100            
-100            
-101            
-101            
-100            
-100            
-100            
-101            
-101            
-101            
-101            
-101            
-102            
-102            
-102            
-102            
-102            
-102            
-102            
-103            
-102            
-102            
-103            
-103            
-103            
-104            
-103            
-103            
-104            
-104            
-104            
-104            
-104            
-105            
-105            
-105            
-105            
-105            
-105            
-105            
-105            
-105            
-105            
-105            
-105            
-105            
-105            
-106            
-106            
-105            
-105            
-105            
-106            
-105            
-106            
-106            
-106            
-106            
-106            
-106            
-106            
-106            
-106            
-106            
-106            
-106            
-106            
-106            
-106            
-106            
-107            
-106            
-107            
-107            
-107            
-107            
-106            
-107            
-106            
-106            
-107            
-107            
-106            
-106            
-107            
-107            
-107            
-106            
-107            
-107            
-106            
-106            
-106            
-106            
-106            
-107            
-107            
-106            
-106            
-106            
-106            
-106            
-107            
-107            
-107            
-107            
-107            
-108            
-109            
-109            
-110            
-111            
0               
0               
6               
0               
-15             
1               
0               
-12             
2344            
4687            
0               
-15             
-3              
-20             
1               
9830            
1638            
655             
0               
-20             
0               
-20             
300             
300             
0               
0               
0               
0               
32767           
0               
4               
10976           
0               
-96             
28642           
0               
0               
-13             
27000           
27000           
27000           
27000           
16384           
-12             
-18             
96              
440             
6826            
6826            
6826            
6826            
6826            
0               
1               
20              
-3              
-15             
-15             
1               
0               
-6              
-6              
1000            
1000            
3               
3               
0               
0               
300             
0               
100             
1               
0               
20              
0               
200             
4               
-1536           
5000            
200             
-5120           
11406           
300             
-5581           
7279            
200             
-3738           
16898           
200             
0               
12000           
150             
0               
15500           
200             
-1024           
1000            
100             
0               
350             
100             
973             
13857           
1000            
0               
15005           
100             
2               
0               
200             
100             
-16             
2000            
100             
-16             
0               
2               
20              
3               
0               
20              
0               
5               
10              
5000            
-96             
-24             
0               
0               
0               
-96             
-24             
-18             
0               
0               
0               
0               
700             
2               
0               
20              
0               
0               
2000            
2000            
-96             
0               
0               
0               
0               
-96             
0               
0               
0               
0               
1               
0               
20              
2               
1               
20              
0               
0               
10000           
10000           
-96             
0               
0               
0               
0               
-96             
0               
0               
0               
0               
1               
0               
20              
2               
1               
20              
0               
0               
10000           
10000           
-96             
0               
0               
0               
0               
-96             
0               
0               
0               
0               
1               
0               
20              
2               
1               
20              
0               
0               
10000           
10000           
-96             
0               
0               
0               
0               
-96             
0               
0               
0               
0               
1               
0               
1               
20              
5               
0               
20              
0               
0               
300             
5000            
-85             
-70             
-40             
-30             
0               
-96             
-70             
-40             
-16             
-16             
0               
0               
1               
-2              
10              
0               
0               
90              
75              
100             
10              
10              
0               
0               
-20             
-20             
-96             
-20             
-6              
3               
50              
200             
10              
0               
0               
0               
0               
0               
0               
0               
0               
165             
0               
0               
0               
0               
0               
0               
0               
0               
1               
2               
1               
0               
0               
0               
0               
0               
-31             
0               
100             
96              
86              
6826            
6826            
6826            
6826            
6826            
6826            
6826            
6826            
6826            
6826            

// Volume 0
