3708            
4               
12              
0               
1               
20              
17409           
0               
0               
0               
17413           
32              
2               
6               
0               
1               

// Volume Independent Parameters
1               
0               
0               
0               
0               
0               
0               
0               
0               
0               
20              
5               
2000            
5000            
-96             
-80             
-50             
-30             
0               
-86             
-70             
-40             
-25             
-25             
1               
0               
32              
32              
32              
32              
32              
32              
32              
32              
32              
32              
32              
32              
32              
32              
32              
32              
32              
32              
32              
32              
32              
32              
32              
32              
32              
32              
32              
32              
32              
32              
32              
32              
32              
32              
32              
32              
32              
32              
32              
32              
32              
32              
32              
51              
51              
51              
51              
49              
46              
44              
41              
39              
38              
37              
37              
37              
35              
33              
32              
30              
29              
28              
28              
28              
28              
28              
28              
28              
29              
30              
32              
33              
34              
34              
36              
37              
38              
39              
40              
41              
41              
42              
42              
42              
42              
42              
42              
42              
42              
42              
42              
41              
41              
41              
41              
41              
41              
41              
41              
42              
42              
42              
43              
43              
43              
44              
45              
46              
47              
48              
49              
51              
51              
51              
51              
51              
51              
51              
51              
51              
51              
51              
51              
51              
51              
51              
51              
51              
51              
51              
51              
51              
51              
51              
51              
51              
51              
51              
51              
51              
51              
51              
50              
47              
45              
43              
41              
39              
37              
35              
33              
31              
30              
28              
27              
26              
25              
24              
23              
22              
21              
20              
19              
19              
18              
17              
17              
16              
16              
15              
15              
15              
14              
14              
14              
14              
14              
14              
14              
14              
14              
15              
15              
15              
15              
15              
15              
15              
15              
15              
15              
15              
15              
15              
15              
15              
15              
15              
15              
15              
15              
15              
15              
16              
16              
17              
17              
18              
18              
19              
20              
20              
21              
21              
22              
23              
23              
24              
24              
24              
24              
24              
24              
24              
24              
24              
23              
23              
22              
21              
20              
19              
18              
17              
16              
15              
14              
14              
13              
12              
11              
11              
10              
10              
10              
9               
9               
9               
8               
8               
8               
8               
7               
7               
7               
7               
7               
7               
6               
6               
6               
6               
6               
6               
6               
5               
5               
5               
5               
5               
5               
4               
4               
4               
4               
4               
4               
4               
4               
4               
4               
4               
4               
4               
4               
4               
4               
4               
4               
4               
4               
4               
4               
4               
4               
4               
4               
4               
4               
4               
4               
4               
4               
4               
4               
4               
4               
3               
3               
3               
3               
3               
3               
3               
3               
2               
2               
2               
2               
2               
2               
2               
2               
2               
2               
2               
2               
2               
2               
2               
2               
2               
2               
2               
2               
2               
2               
2               
2               
2               
2               
2               
2               
2               
2               
2               
2               
2               
2               
2               
2               
2               
2               
2               
2               
2               
2               
2               
2               
2               
2               
2               
2               
3               
3               
3               
3               
3               
3               
3               
3               
3               
4               
4               
4               
4               
4               
5               
5               
5               
6               
6               
6               
7               
7               
7               
8               
8               
8               
9               
9               
9               
9               
9               
9               
9               
9               
9               
9               
9               
9               
9               
8               
8               
8               
8               
8               
8               
8               
8               
8               
8               
8               
8               
8               
8               
8               
7               
7               
7               
7               
7               
7               
7               
7               
7               
7               
7               
7               
7               
7               
7               
7               
7               
7               
7               
7               
7               
7               
7               
7               
7               
7               
7               
7               
7               
7               
7               
7               
7               
7               
7               
7               
7               
7               
8               
8               
8               
8               
9               
9               
9               
9               
10              
10              
10              
11              
11              
12              
12              
13              
13              
14              
14              
15              
16              
16              
17              
18              
19              
19              
20              
21              
21              
22              
22              
22              
21              
21              
20              
19              
19              
18              
17              
17              
16              
16              
15              
14              
14              
14              
13              
13              
13              
13              
12              
12              
12              
12              
12              
12              
12              
12              
11              
11              
11              
11              
12              
13              
16              
20              
22              
19              
16              
14              
12              
13              
15              
17              
20              
22              
24              
25              
25              
22              
18              
16              
16              
17              
19              
24              
28              
30              
32              
35              
34              
30              
26              
24              
24              
26              
28              
33              
46              
51              
51              
51              
51              
51              
51              
51              
51              
51              
51              
51              
51              
51              
51              
51              
51              
51              
51              
51              
51              
51              
51              
51              
51              
32              
32              
32              
32              
32              
32              
32              
32              
32              
32              
32              
32              
32              
32              
32              
32              
32              
32              
32              
32              
32              
32              
32              
32              
32              
32              
32              
32              
32              
32              
32              
32              
32              
32              
32              
32              
32              
32              
32              
32              
32              
32              
32              
32              
32              
31              
29              
28              
27              
27              
27              
27              
25              
24              
22              
21              
21              
22              
23              
24              
25              
25              
24              
23              
22              
23              
23              
25              
26              
27              
27              
28              
29              
30              
31              
32              
33              
35              
36              
38              
40              
41              
43              
44              
45              
46              
46              
47              
47              
47              
47              
47              
47              
46              
46              
45              
44              
44              
44              
44              
44              
44              
44              
44              
44              
44              
44              
44              
44              
45              
45              
45              
45              
46              
46              
47              
48              
49              
51              
51              
51              
51              
51              
51              
51              
51              
51              
51              
51              
51              
51              
51              
51              
51              
51              
51              
51              
51              
51              
51              
51              
51              
51              
49              
46              
44              
41              
39              
38              
36              
35              
34              
33              
32              
32              
31              
30              
30              
29              
29              
29              
29              
28              
28              
28              
27              
27              
27              
27              
26              
26              
26              
26              
26              
26              
26              
26              
27              
27              
27              
27              
27              
26              
26              
25              
25              
24              
23              
22              
21              
21              
20              
19              
18              
18              
17              
17              
16              
16              
15              
15              
14              
14              
14              
14              
13              
13              
13              
13              
12              
12              
12              
12              
12              
11              
11              
11              
11              
11              
11              
11              
11              
11              
11              
11              
11              
11              
11              
10              
10              
10              
10              
10              
10              
10              
10              
10              
9               
9               
9               
9               
9               
8               
8               
8               
8               
8               
8               
7               
7               
7               
7               
7               
7               
6               
6               
6               
6               
6               
6               
6               
6               
5               
5               
5               
5               
5               
5               
5               
5               
5               
5               
5               
5               
5               
5               
5               
5               
5               
5               
4               
4               
4               
4               
4               
4               
4               
4               
4               
4               
4               
4               
4               
4               
3               
3               
3               
3               
3               
3               
3               
3               
3               
3               
2               
2               
2               
2               
2               
2               
2               
2               
2               
2               
2               
2               
2               
2               
2               
2               
2               
2               
2               
2               
2               
2               
2               
2               
2               
2               
2               
2               
2               
2               
2               
2               
2               
2               
2               
2               
2               
3               
3               
3               
3               
3               
3               
3               
3               
3               
3               
3               
3               
3               
3               
3               
3               
3               
3               
4               
4               
4               
4               
4               
4               
4               
4               
4               
4               
4               
4               
4               
4               
4               
4               
4               
4               
5               
5               
5               
5               
5               
5               
5               
5               
5               
5               
5               
5               
5               
5               
5               
5               
5               
5               
5               
5               
5               
5               
6               
6               
6               
6               
6               
6               
7               
7               
7               
7               
7               
7               
7               
7               
8               
8               
8               
8               
8               
8               
8               
8               
8               
7               
7               
7               
7               
7               
7               
7               
7               
7               
7               
7               
7               
7               
8               
8               
8               
8               
8               
8               
8               
8               
8               
8               
8               
8               
9               
9               
9               
9               
9               
9               
9               
9               
9               
9               
9               
10              
10              
10              
10              
10              
10              
11              
11              
11              
11              
11              
11              
12              
12              
12              
12              
12              
13              
13              
13              
13              
14              
14              
14              
15              
15              
15              
15              
16              
16              
16              
17              
17              
17              
17              
17              
18              
18              
18              
18              
19              
19              
19              
20              
20              
21              
21              
22              
23              
24              
24              
25              
26              
27              
28              
29              
30              
32              
30              
25              
20              
18              
19              
19              
16              
13              
13              
13              
13              
15              
17              
16              
14              
13              
13              
15              
16              
16              
15              
15              
15              
15              
17              
19              
20              
19              
18              
20              
22              
24              
23              
20              
18              
16              
16              
16              
18              
26              
49              
51              
51              
51              
51              
51              
51              
51              
51              
51              
51              
51              
51              
51              
51              
51              
51              
51              
51              
51              
51              
51              
51              
51              
30              
30              
32              
32              
32              
32              
32              
32              
32              
32              
32              
32              
32              
32              
32              
32              
32              
32              
32              
32              
32              
32              
32              
32              
32              
32              
32              
32              
32              
32              
32              
32              
32              
32              
32              
32              
32              
32              
32              
32              
32              
32              
32              
32              
32              
32              
32              
32              
32              
32              
32              
32              
32              
32              
32              
32              
32              
32              
32              
32              
32              
32              
32              
32              
32              
32              
32              
32              
32              
32              
32              
32              
32              
32              
32              
32              
32              
32              
32              
32              
32              
32              
32              
32              
32              
32              
32              
32              
32              
32              
32              
32              
32              
32              
32              
32              
32              
32              
32              
32              
32              
32              
32              
32              
32              
32              
32              
32              
32              
32              
32              
32              
32              
32              
32              
32              
32              
32              
32              
32              
32              
32              
32              
32              
32              
32              
32              
32              
32              
32              
32              
32              
32              
32              
32              
32              
32              
32              
32              
32              
32              
32              
32              
32              
32              
32              
32              
32              
32              
32              
32              
32              
32              
32              
32              
32              
32              
32              
32              
32              
32              
32              
32              
32              
32              
32              
32              
32              
32              
32              
32              
32              
32              
32              
32              
32              
32              
32              
32              
32              
32              
32              
32              
32              
32              
32              
32              
32              
32              
32              
32              
32              
32              
32              
32              
32              
32              
32              
32              
32              
32              
32              
32              
32              
32              
32              
32              
32              
32              
32              
32              
32              
32              
32              
32              
32              
32              
32              
32              
32              
32              
32              
32              
32              
32              
32              
32              
32              
32              
32              
32              
32              
32              
32              
32              
32              
32              
32              
32              
32              
32              
32              
32              
32              
32              
32              
32              
32              
32              
32              
32              
32              
32              
32              
32              
32              
32              
32              
32              
32              
32              
32              
32              
32              
32              
32              
32              
32              
32              
32              
32              
32              
32              
32              
32              
32              
32              
32              
32              
32              
32              
32              
32              
32              
32              
32              
32              
32              
32              
32              
32              
32              
32              
32              
32              
32              
32              
32              
32              
32              
32              
32              
32              
32              
32              
32              
32              
32              
32              
32              
32              
32              
32              
32              
32              
32              
32              
32              
32              
32              
32              
32              
32              
32              
32              
32              
32              
32              
32              
32              
32              
32              
32              
32              
32              
32              
32              
32              
32              
32              
32              
32              
32              
32              
32              
32              
32              
32              
32              
32              
32              
32              
32              
32              
32              
32              
32              
32              
32              
32              
32              
32              
32              
32              
32              
32              
32              
32              
32              
32              
32              
32              
32              
32              
32              
32              
32              
32              
32              
32              
32              
32              
32              
32              
32              
32              
32              
32              
32              
32              
32              
32              
32              
32              
32              
32              
32              
32              
32              
32              
32              
32              
32              
32              
32              
32              
32              
32              
32              
32              
32              
32              
32              
32              
32              
32              
32              
32              
32              
32              
32              
32              
32              
32              
32              
32              
32              
32              
32              
32              
32              
32              
32              
32              
32              
32              
32              
32              
32              
32              
32              
32              
32              
32              
32              
32              
32              
32              
32              
32              
32              
32              
32              
32              
32              
32              
32              
32              
32              
32              
32              
32              
32              
32              
32              
32              
32              
32              
32              
32              
32              
32              
32              
32              
32              
32              
32              
32              
32              
32              
32              
32              
32              
32              
32              
32              
32              
32              
32              
32              
32              
32              
32              
32              
32              
32              
32              
32              
32              
32              
32              
32              
32              
32              
32              
32              
32              
32              
32              
32              
32              
32              
32              
32              
32              
32              
32              
32              
32              
32              
32              
32              
32              
32              
32              
32              
32              
32              
32              
32              
32              
32              
32              
32              
32              
32              
32              
32              
32              
32              
32              
32              
32              
32              
32              
32              
32              
32              
32              
32              
32              
32              
32              
32              
32              
32              
32              
32              
32              
32              
32              
32              
32              
32              
32              
32              
32              
32              
32              
32              
32              
32              
32              
32              
32              
32              
32              
32              
32              
32              
32              
32              
32              
32              
32              
32              
32              
32              
32              
32              
32              
32              
32              
32              
32              
32              
32              
32              
32              
32              
32              
32              
32              
32              
32              
32              
32              
32              
32              
32              
32              
32              
32              
32              
32              
32              
32              
32              
32              
32              
32              
32              
32              
32              
32              
32              
32              
32              
32              
32              
32              
32              
32              
32              
32              
32              
32              
32              
32              
32              
32              
32              
32              
32              
32              
32              
32              
32              
32              
32              
32              
32              
32              
32              
32              
32              
32              
32              
32              
32              
32              
32              
32              
32              
32              
32              
32              
32              
32              
32              
32              
32              
32              
32              
32              
32              
32              
32              
32              
32              
32              
32              
32              
32              
32              
32              
32              
32              
32              
32              
32              
32              
32              
32              
32              
32              
32              
32              
32              
32              
32              
32              
32              
32              
32              
32              
32              
32              
32              
32              
32              
32              
32              
32              
32              
32              
32              
32              
32              
32              
32              
32              
32              
32              
32              
32              
32              
32              
32              
32              
32              
32              
32              
32              
32              
32              
32              
32              
32              
32              
32              
32              
32              
32              
32              
32              
32              
32              
32              
32              
32              
32              
32              
32              
32              
32              
32              
32              
32              
32              
32              
32              
32              
32              
32              
32              
32              
32              
32              
32              
32              
32              
32              
32              
32              
32              
32              
32              
32              
32              
32              
32              
32              
32              
32              
32              
32              
32              
32              
32              
32              
32              
32              
32              
32              
32              
32              
32              
32              
32              
32              
32              
32              
32              
32              
32              
32              
32              
32              
32              
32              
32              
32              
32              
32              
32              
32              
32              
32              
32              
32              
32              
32              
32              
32              
32              
32              
32              
32              
32              
32              
32              
32              
32              
32              
32              
32              
32              
32              
32              
32              
32              
32              
32              
32              
32              
32              
32              
32              
32              
32              
32              
32              
32              
32              
32              
32              
32              
32              
32              
32              
32              
32              
32              
32              
32              
32              
32              
32              
32              
32              
32              
32              
32              
32              
32              
32              
32              
32              
32              
32              
32              
32              
32              
32              
32              
32              
32              
32              
32              
32              
32              
32              
32              
32              
32              
32              
32              
32              
32              
32              
32              
32              
32              
32              
32              
32              
32              
32              
32              
32              
32              
32              
32              
32              
32              
32              
32              
32              
32              
32              
32              
32              
32              
32              
32              
32              
32              
32              
32              
32              
32              
32              
32              
32              
32              
32              
32              
32              
32              
32              
32              
32              
32              
32              
32              
32              
32              
32              
32              
32              
32              
32              
32              
32              
32              
32              
32              
32              
32              
32              
32              
32              
32              
32              
32              
32              
32              
32              
32              
32              
32              
32              
32              
32              
32              
32              
32              
32              
32              
32              
32              
32              
32              
32              
32              
32              
32              
32              
32              
32              
32              
32              
32              
32              
32              
32              
32              
32              
32              
32              
32              
32              
32              
32              
32              
32              
32              
32              
32              
32              
32              
32              
32              
32              
32              
32              
32              
32              
32              
32              
32              
32              
32              
32              
32              
32              
32              
32              
32              
32              
32              
32              
32              
32              
32              
32              
32              
32              
32              
32              
32              
32              
32              
32              
32              
32              
32              
32              
32              
32              
32              
32              
32              
32              
32              
32              
32              
32              
32              
32              
32              
32              
32              
32              
32              
32              
32              
32              
32              
32              
32              
32              
32              
32              
32              
32              
32              
32              
32              
32              
32              
32              
32              
32              
32              
32              
32              
32              
32              
32              
32              
32              
32              
32              
32              
32              
32              
32              
32              
32              
32              
32              
32              
32              
32              
32              
32              
32              
32              
32              
32              
32              
32              
32              
32              
32              
32              
32              
32              
32              
32              
32              
32              
32              
32              
32              
32              
32              
32              
32              
32              
32              
32              
32              
32              
32              
32              
32              
32              
32              
32              
32              
32              
32              
32              
32              
32              
32              
32              
32              
32              
32              
32              
32              
32              
32              
32              
32              
32              
32              
32              
0               
33              
32767           
30              
100             
50              
50              
-6              
-6              
-12             
-12             
0               
1               
200             
0               
0               
0               
32767           
6               
-12             
12              
-85             
-82             
-82             
-86             
-89             
-91             
-92             
-93             
-94             
-95             
-96             
-97             
-97             
-99             
-99             
-99             
-101            
-100            
-100            
-101            
-102            
-102            
-102            
-103            
-103            
-103            
-104            
-104            
-105            
-105            
-105            
-105            
-105            
-105            
-105            
-105            
-105            
-106            
-106            
-106            
-106            
-107            
-107            
-107            
-107            
-107            
-107            
-107            
-106            
-107            
-109            
-108            
-108            
-107            
-107            
-108            
-108            
-108            
-109            
-109            
-109            
-108            
-109            
-110            
-110            
-110            
-109            
-109            
-109            
-109            
-110            
-109            
-110            
-110            
-110            
-110            
-110            
-110            
-110            
-110            
-110            
-110            
-111            
-110            
-111            
-111            
-111            
-110            
-110            
-110            
-111            
-112            
-111            
-111            
-111            
-111            
-112            
-112            
-112            
-111            
-111            
-111            
-111            
-111            
-112            
-112            
-112            
-112            
-111            
-112            
-111            
-112            
-112            
-112            
-112            
-112            
-112            
-112            
-113            
-112            
-112            
-112            
-112            
-112            
-112            
-112            
-111            
-112            
-113            
-113            
-112            
-112            
-111            
-112            
-113            
-113            
-112            
-113            
-113            
-113            
-112            
-112            
-111            
-113            
-113            
-113            
-113            
-112            
-112            
-112            
-112            
-113            
-112            
-112            
-113            
-113            
-112            
-113            
-114            
-113            
-113            
-113            
-113            
-113            
-113            
-113            
-112            
-112            
-112            
-114            
-113            
-112            
-112            
-113            
-113            
-112            
-113            
-113            
-113            
-112            
-112            
-114            
-113            
-113            
-114            
-113            
-113            
-113            
-113            
-113            
-113            
-112            
-113            
-113            
-113            
-113            
-113            
-113            
-112            
-113            
-113            
-112            
-113            
-113            
-113            
-113            
-113            
-113            
-113            
-113            
-113            
-113            
-113            
-113            
-113            
-113            
-113            
-113            
-113            
-112            
-113            
-113            
-113            
-113            
-113            
-113            
-113            
-113            
-113            
-113            
-112            
-112            
-112            
-113            
-113            
-112            
-113            
-113            
-113            
-113            
-113            
-112            
-112            
-112            
-113            
-112            
-112            
-112            
-112            
-112            
-112            
-113            
-112            
-112            
-113            
-112            
-110            
-111            
-111            
-111            
-110            
-112            
-112            
-112            
-112            
-112            
-112            
-112            
-111            
-111            
-111            
-110            
-110            
-110            
-110            
-111            
-111            
-110            
-110            
-110            
-110            
-110            
-109            
-109            
-109            
-109            
-109            
-110            
-110            
-110            
-111            
-110            
-109            
-109            
-109            
-109            
-109            
-109            
-109            
-109            
-108            
-108            
-109            
-109            
-108            
-108            
-108            
-107            
-107            
-106            
-107            
-107            
-107            
-106            
-105            
-105            
-105            
-105            
-105            
-106            
-105            
-106            
-105            
-105            
-106            
-106            
-106            
-105            
-106            
-106            
-107            
-107            
-106            
-107            
-107            
-108            
-108            
-108            
-109            
-108            
-107            
-108            
-109            
-108            
-109            
-109            
-110            
-110            
-109            
-108            
-109            
-109            
-110            
-110            
-110            
-110            
-110            
-110            
-109            
-110            
-110            
-110            
-110            
-110            
-111            
-110            
-110            
-110            
-111            
-112            
-112            
-112            
-112            
-112            
-112            
-112            
-111            
-112            
-112            
-113            
-112            
-113            
-112            
-113            
-114            
-113            
-113            
-114            
-114            
-114            
-113            
-113            
-114            
-113            
-114            
-114            
-114            
-114            
-114            
-114            
-114            
-114            
-113            
-114            
-114            
-114            
-113            
-113            
-114            
-114            
-114            
-114            
-114            
-114            
-114            
-114            
-113            
-114            
-114            
-115            
-115            
-115            
-114            
-113            
-113            
-114            
-114            
-114            
-114            
-114            
-114            
-113            
-114            
-115            
-114            
-114            
-113            
-114            
-113            
-114            
-113            
-114            
-114            
-114            
-114            
-114            
-113            
-114            
-114            
-114            
-114            
-113            
-114            
-114            
-114            
-114            
-114            
-114            
-115            
-115            
-115            
-114            
-114            
-114            
-113            
-114            
-114            
-114            
-114            
-114            
-114            
-114            
-114            
-114            
-115            
-115            
-114            
-114            
-114            
-114            
-114            
-115            
-114            
-115            
-115            
-114            
-114            
-115            
-115            
-115            
-114            
-114            
-114            
-115            
-115            
-114            
-114            
-115            
-114            
-114            
-115            
-114            
-114            
-114            
-115            
-115            
-115            
-114            
-116            
-116            
-117            
-118            
-119            
-86             
-83             
-83             
-87             
-90             
-92             
-93             
-94             
-95             
-96             
-97             
-98             
-99             
-99             
-100            
-101            
-101            
-101            
-100            
-101            
-102            
-102            
-103            
-102            
-103            
-104            
-103            
-104            
-104            
-105            
-104            
-105            
-106            
-106            
-105            
-106            
-107            
-106            
-107            
-106            
-106            
-107            
-107            
-107            
-107            
-107            
-107            
-107            
-107            
-107            
-108            
-108            
-108            
-108            
-109            
-109            
-108            
-109            
-109            
-109            
-109            
-109            
-109            
-108            
-109            
-109            
-110            
-109            
-109            
-110            
-110            
-109            
-110            
-110            
-110            
-110            
-110            
-110            
-110            
-110            
-110            
-110            
-110            
-111            
-111            
-110            
-110            
-111            
-111            
-110            
-111            
-111            
-111            
-111            
-111            
-111            
-111            
-111            
-111            
-111            
-111            
-111            
-111            
-112            
-111            
-111            
-112            
-112            
-112            
-112            
-111            
-111            
-112            
-112            
-111            
-111            
-112            
-112            
-111            
-113            
-112            
-112            
-112            
-112            
-112            
-112            
-112            
-112            
-113            
-112            
-112            
-112            
-111            
-112            
-112            
-112            
-112            
-113            
-112            
-112            
-112            
-112            
-112            
-112            
-112            
-112            
-113            
-112            
-112            
-113            
-112            
-113            
-113            
-113            
-113            
-113            
-114            
-113            
-113            
-112            
-113            
-112            
-113            
-112            
-112            
-113            
-113            
-112            
-112            
-113            
-113            
-113            
-113            
-113            
-114            
-114            
-113            
-114            
-113            
-113            
-113            
-114            
-113            
-113            
-113            
-113            
-113            
-112            
-113            
-113            
-113            
-114            
-114            
-114            
-113            
-114            
-113            
-113            
-113            
-113            
-113            
-113            
-113            
-113            
-113            
-113            
-113            
-113            
-113            
-113            
-113            
-113            
-113            
-113            
-114            
-113            
-113            
-113            
-113            
-112            
-112            
-113            
-113            
-113            
-113            
-113            
-113            
-113            
-113            
-113            
-114            
-113            
-113            
-112            
-113            
-113            
-113            
-112            
-113            
-113            
-113            
-113            
-113            
-113            
-113            
-113            
-112            
-112            
-113            
-113            
-113            
-113            
-112            
-111            
-112            
-112            
-110            
-111            
-111            
-112            
-112            
-112            
-112            
-112            
-111            
-111            
-110            
-111            
-112            
-112            
-112            
-111            
-111            
-110            
-110            
-111            
-111            
-110            
-111            
-111            
-110            
-110            
-110            
-110            
-109            
-109            
-109            
-109            
-109            
-109            
-109            
-109            
-110            
-109            
-108            
-108            
-108            
-109            
-108            
-109            
-109            
-108            
-107            
-107            
-108            
-107            
-106            
-106            
-106            
-106            
-107            
-107            
-106            
-105            
-105            
-105            
-105            
-105            
-105            
-106            
-105            
-106            
-107            
-106            
-106            
-105            
-107            
-107            
-106            
-106            
-107            
-108            
-109            
-108            
-108            
-108            
-108            
-108            
-108            
-109            
-110            
-111            
-111            
-110            
-110            
-110            
-110            
-111            
-111            
-111            
-110            
-111            
-110            
-111            
-111            
-111            
-112            
-111            
-110            
-111            
-111            
-111            
-111            
-111            
-112            
-113            
-113            
-113            
-113            
-113            
-113            
-113            
-113            
-113            
-113            
-112            
-113            
-114            
-113            
-113            
-113            
-114            
-113            
-113            
-111            
-112            
-113            
-113            
-113            
-113            
-114            
-113            
-113            
-114            
-114            
-114            
-113            
-114            
-114            
-114            
-113            
-113            
-114            
-114            
-113            
-114            
-114            
-114            
-113            
-113            
-114            
-113            
-114            
-114            
-114            
-114            
-114            
-114            
-114            
-114            
-114            
-115            
-114            
-114            
-113            
-114            
-114            
-113            
-113            
-114            
-114            
-113            
-114            
-113            
-114            
-114            
-114            
-114            
-115            
-115            
-115            
-114            
-114            
-114            
-114            
-115            
-114            
-114            
-114            
-114            
-115            
-114            
-114            
-115            
-114            
-114            
-114            
-115            
-114            
-114            
-114            
-114            
-114            
-114            
-114            
-114            
-114            
-115            
-114            
-114            
-114            
-115            
-114            
-114            
-115            
-115            
-113            
-114            
-114            
-114            
-114            
-116            
-115            
-114            
-114            
-114            
-114            
-115            
-115            
-114            
-115            
-115            
-114            
-115            
-115            
-114            
-115            
-115            
-115            
-114            
-115            
-114            
-115            
-115            
-114            
-115            
-115            
-115            
-115            
-116            
-117            
-118            
-119            
0               
0               
6               
0               
-15             
1               
0               
-12             
2344            
4687            
0               
-15             
-3              
-20             
1               
9830            
1638            
655             
0               
-20             
0               
-20             
300             
300             
0               
0               
0               
0               
32767           
0               
4               
10976           
0               
-96             
28642           
0               
0               
-13             
27000           
27000           
27000           
27000           
16384           
-12             
-18             
96              
440             
6826            
6826            
6826            
6826            
6826            
0               
1               
20              
-3              
-15             
-15             
1               
0               
-6              
-6              
1000            
1000            
3               
3               
0               
0               
300             
0               
100             
1               
0               
17000           
0               
50              
3               
0               
19000           
100             
0               
9000            
100             
0               
14000           
100             
0               
19000           
100             
0               
3800            
250             
-5632           
15500           
200             
0               
300             
200             
0               
1000            
100             
0               
20              
96              
0               
20              
96              
2               
0               
200             
100             
-16             
2000            
100             
-16             
1               
1               
20              
5               
0               
20              
0               
0               
2000            
5000            
-96             
-80             
-50             
-30             
0               
-96             
-80             
-50             
-30             
0               
0               
0               
700             
2               
1               
20              
0               
0               
10000           
10000           
-96             
0               
0               
0               
0               
-96             
0               
0               
0               
0               
1               
0               
20              
2               
1               
20              
0               
0               
10000           
10000           
-96             
0               
0               
0               
0               
-96             
0               
0               
0               
0               
1               
0               
20              
2               
1               
20              
0               
0               
10000           
10000           
-96             
0               
0               
0               
0               
-96             
0               
0               
0               
0               
1               
0               
20              
2               
1               
20              
0               
0               
10000           
10000           
-96             
0               
0               
0               
0               
-96             
0               
0               
0               
0               
1               
0               
1               
20              
5               
0               
20              
0               
0               
2000            
5000            
-96             
-80             
-50             
-30             
0               
-86             
-70             
-40             
-25             
-25             
1               
0               
1               
-1              
20              
0               
0               
90              
75              
100             
10              
10              
0               
0               
-20             
-20             
-96             
-20             
-6              
1               
50              
200             
10              
0               
0               
0               
0               
0               
0               
0               
0               
165             
0               
0               
0               
0               
0               
0               
0               
0               
1               
2               
1               
0               
0               
0               
0               
0               
-31             
0               
15              
96              
86              
6826            
6826            
6826            
6826            
6826            
6826            
6826            
6826            
6826            
6826            

// Volume 0
